0	12.5
1	18.7812
2	43.5625
3	13
4	40.5
5	-24
6	7.5
7	-9.5
8	16
9	25
10	19.125
11	-8.5
12	6.5
13	40
14	-10.0703
15	16
16	-17.125
17	10
18	11
19	-16
20	32.25
21	-48
22	-18.4375
23	4.5
24	15
25	9
26	-11
27	-6
28	12.1562
29	16
30	33.25
31	14.8284
32	11.3995
33	18.0974
34	34.5944
35	22.9393
36	7.22183
37	48.9289
38	-22.5962
39	-32.8137
40	19.6569
41	-42.8683
42	24.7478
43	-11.1213
44	-18.2678
45	20.9706
46	37.4594
47	15
48	-7.58211
49	14.5563
50	-56.8137
51	-76.4142
52	39.6642
53	-26.636
54	4.75121
55	18.7819
56	35.3137
57	-30.3137
58	-13.8787
59	-7.89949
60	-10.1207
61	-9.75736
62	-42.6642
63	-42.0208
64	-7.35786
65	-5.07661
66	-25.6385
67	-13.1716
68	-31.6716
69	0.828427
70	41.5563
71	41.3284
72	-19.5147
73	2.85786
74	40.9706
75	21.6569
76	5.95584
77	-23.3137
78	-19.2419
79	-29.4142
80	-11.0392
81	32.2843
82	-9.05025
83	-27.3137
84	18.9069
85	28
86	-2.78065
87	-2.12742
88	10.7279
89	-3.28427
90	19.5147
91	-60.4411
92	-15.1575
93	7.82843
94	11.1079
95	-21.1716
96	15.8848
97	20.4111
98	36.0944
99	-3.71751
100	43.0711
101	-21.0858
102	35.9246
103	21.5
104	-16.3431
105	-5.31802
106	25.4697
107	-3.37868
108	21.753
109	56.3431
110	8.14569
111	-25
112	9.48896
113	-23.7574
114	-11.3137
115	-2.41421
116	38.3505
117	-16.5503
118	38.4375
119	40.5171
120	60.4853
121	20.8284
122	-8.12132
123	-41.8995
124	49.3793
125	17.4142
126	59.4779
127	22.6569
128	45.8137
129	19.5802
130	16.8762
131	-7.45584
132	10.2574
133	19.3137
134	0.843146
135	2.15685
136	37.8995
137	31.8284
138	10.0466
139	7.35786
140	48.1569
141	33.8579
142	30.915
143	40.6863
144	-34.723
145	-15.1127
146	34
147	13.8579
148	-16.2353
149	-15.1127
150	16.8762
151	-12.3284
152	23.9706
153	-3.68629
154	34.5147
155	-13.9411
156	13.3278
157	17.6569
158	16.9069
159	-32.8284
160	-0.399495
161	-2.65993
162	34.7806
163	4.06066
164	31.7782
165	-3.80393
166	-26.9038
167	-31.1863
168	29.3431
169	14.3683
170	24.2522
171	2.62132
172	47.2678
173	25.0294
174	-30.3188
175	-13
176	7.83211
177	-3.55635
178	31.3137
179	-9.58579
180	26.8358
181	-20.864
182	-0.876208
183	-26.0319
184	-29.3137
185	-15.6863
186	-36.1213
187	-22.1005
188	24.3082
189	1.75736
190	-21.8358
191	-15.0503
192	6.98528
193	-7.04718
194	-3.60907
195	-21.1716
196	-40.6421
197	18.8284
198	-16.9289
199	-65.6421
200	-38.8284
201	-21.4853
202	73.6569
203	43.3431
204	14.0147
205	-35.3137
206	35.1013
207	-3.41421
208	-10.5392
209	32
210	26.0208
211	14.6863
212	1.59315
213	-39.3137
214	-22.0944
215	-7.5
216	-77.5563
217	-40.6569
218	-13.5147
219	-8.18629
220	10.1562
221	-26.4853
222	-15.9216
223	-26.8284
224	-60.8848
225	-39.9736
226	-10.7194
227	-21.2825
228	-0.0710678
229	-25.4142
230	-31.4246
231	40.5
232	-14.6569
233	47.818
234	2.53033
235	34.8787
236	13.247
237	-34.3431
238	-8.00507
239	15
240	12.761
241	9.75736
242	41.3137
243	31.4142
244	30.1495
245	-3.94975
246	9.4375
247	30.7329
248	-15.4853
249	4.17157
250	10.1213
251	-10.1005
252	-9.19178
253	15.0858
254	-17.9779
255	-4
256	12.5
257	28.7812
258	11.5625
259	-13
260	-21.5
261	-48
262	27.5
263	-9.5
264	28
265	-3
266	5.125
267	-16.5
268	-33.5
269	-47
270	-21.0703
271	-8
272	14.875
273	6
274	-13
275	-16
276	-87.75
277	-40
278	-14.4375
279	-11.5
280	-5
281	-7
282	-27
283	-10
284	16.1562
285	-26
286	0.25
287	-37.1716
288	19.3995
289	5.09743
290	-27.4056
291	12.9393
292	-48.7782
293	0.928932
294	15.4038
295	-26.8137
296	14.6569
297	-12.8683
298	-22.7522
299	1.87868
300	-26.2678
301	72.9706
302	24.4594
303	-25
304	10.4179
305	17.5563
306	22.6863
307	18.5858
308	5.66421
309	67.364
310	23.7512
311	36.7819
312	68.3137
313	31.6863
314	26.1213
315	26.1005
316	4.87928
317	55.7426
318	13.3358
319	32.0208
320	12.3579
321	45.6391
322	-18.2365
323	13.1716
324	0.671573
325	1.17157
326	20.4437
327	21.6716
328	-12.4853
329	41.1421
330	-16.9706
331	27.3431
332	-30.9558
333	3.31371
334	-19.8987
335	15.4142
336	0.289214
337	-40.2843
338	-30.9497
339	5.31371
340	17.5931
341	-4
342	-38.0944
343	31.1274
344	-14.7279
345	77.2843
346	6.48528
347	1.44113
348	-2.53004
349	3.17157
350	23.3921
351	8.82843
352	-16.1152
353	-9.58886
354	-48.9056
355	-45.7175
356	-26.9289
357	6.53921
358	5.92462
359	25.5
360	4.65685
361	-22.318
362	8.96967
363	2.62132
364	11.753
365	-71.6569
366	-93.8543
367	51
368	29.489
369	4.24264
370	-23.3137
371	3.58579
372	-31.6495
373	-27.5503
374	-53.5625
375	5.51714
376	-33.5147
377	5.82843
378	-44.1213
379	14.1005
380	-46.6207
381	-8.58579
382	-42.5221
383	-14.6569
384	-16.1274
385	-57.6746
386	-49.7512
387	-24.8284
388	-68.3701
389	-43.3137
390	28.1569
391	14.1569
392	29.8995
393	26.1716
394	-28.5808
395	-25.3284
396	-19.1569
397	31.1127
398	-46.3399
399	-4
400	-20.7819
401	-5.17157
402	-17.3137
403	-12.4853
404	-49.2058
405	8.48528
406	-5.75121
407	-17.9853
408	-1.97056
409	-10.3137
410	-29.4853
411	-45.9411
412	-25.2996
413	13.6569
414	16.9069
415	29.1716
416	23.6005
417	3.34007
418	16.7806
419	-17.9393
420	9.77817
421	24.5711
422	-8.90381
423	12.8137
424	-31.6569
425	-56.6317
426	-21.2478
427	-15.3787
428	-34.7322
429	-22.9706
430	15.6812
431	-33
432	15.8321
433	-23.5563
434	-12.6863
435	-23.5858
436	-11.1642
437	-5.86396
438	-4.87621
439	24.9681
440	40.6863
441	9.31371
442	23.8787
443	-22.1005
444	-3.69178
445	27.7574
446	4.16421
447	-6.94975
448	-17.9853
449	29.6097
450	-8.26593
451	5.17157
452	-2.35786
453	15.1716
454	-17.0711
455	-31.3579
456	-65.1716
457	33.4853
458	6.34315
459	29.6569
460	8.98528
461	7.31371
462	19.7581
463	-30.5858
464	7.78921
465	-32
466	-10.0208
467	11.3137
468	50.9069
469	-8.68629
470	-34.7806
471	-3.5
472	-14.4437
473	-5.34315
474	11.5147
475	3.18629
476	28.1562
477	21.4853
478	-53.5784
479	1.17157
480	-36.8848
481	5.02636
482	3.28065
483	-19.2825
484	-0.0710678
485	-17.4142
486	38.5754
487	2.5
488	-17.6569
489	-46.182
490	-28.9697
491	3.87868
492	37.247
493	33.6569
494	-45.0051
495	15
496	22.761
497	-31.2426
498	17.8137
499	6.41421
