0	-11.5
1	18
2	2.5
3	12.5
4	22.75
5	-17
6	-15.7812
7	-7
8	-12
9	17
10	8
11	-3.5
12	-32
13	2.25
14	21.5
15	15
16	10
17	-5
18	-17.75
19	8
20	8.75
21	27
22	-11.75
23	-10
24	5.25
25	-23
26	27.5
27	-8.75
28	20.5
29	-12.25
30	1.46619
31	32.5711
32	-14.2574
33	-28.0711
34	-15.0858
35	26.8284
36	-5.31371
37	11.8284
38	-12.2898
39	7.82843
40	-18.8284
41	2.14214
42	-24.364
43	16.5858
44	12.3033
45	16.0407
46	-0.156854
47	-9.65685
48	52.5784
49	-26.5
50	-2.57538
51	28
52	-8.16421
53	-17.0711
54	32.3211
55	17.6569
56	1.82843
57	37.1716
58	-19.7071
59	-19.2426
60	16.8137
61	22.1495
62	-12.4735
63	-5.65685
64	23.9853
65	18.2635
66	-7.15685
67	14.0919
68	9.73528
69	-18.8284
70	15.0472
71	-12.3995
72	15.182
73	24.3137
74	-2.27208
75	13.1569
76	-1.34315
77	-0.107864
78	-7.5
79	-0.414214
80	-8.34315
81	30.0711
82	23.1716
83	20.7279
84	-15.3211
85	9.14214
86	-19.5784
87	5.25305
88	6.41421
89	-18.0503
90	-11.0858
91	25.2353
92	43.4393
93	-9.59315
94	8.29461
95	-1.49264
96	-16.7426
97	-21.4142
98	-15.9142
99	-0.828427
100	0
101	5.17157
102	-7.46139
103	2.48528
104	11.9853
105	12.8284
106	39.5355
107	11.3848
108	3.52145
109	-4.61612
110	-39.5
111	12.8431
112	11.3431
113	-42.6421
114	-6.11091
115	2.82843
116	21.4926
117	14.5858
118	9.49264
119	1
120	-53.2034
121	3.51472
122	-16.5503
123	-25.2426
124	72.8137
125	4.00736
126	-1.05197
127	13.6569
128	3.32843
129	17.3137
130	2.15685
131	-2.01472
132	1.09315
133	-5.51472
134	7.8756
135	4.05025
136	28.8701
137	-29.2843
138	-28.2843
139	-7.34924
140	-6.97056
141	-17.0784
142	7.5
143	18.9706
144	1.31371
145	11
146	-30.3921
147	5.87868
148	8.75
149	10.6569
150	-3.06371
151	1.82843
152	23.3774
153	-41.9411
154	19.6421
155	-27.3774
156	-20.8137
157	3.57843
158	17.7088
159	-8.32107
160	-5.74264
161	11.0711
162	1.08579
163	-20.8284
164	-16.6863
165	1.17157
166	-0.147682
167	-14.3284
168	-33.6716
169	-20.1421
170	-12.636
171	-16.5858
172	8.8217
173	-36.0407
174	18.1569
175	-9.59315
176	12.1716
177	-21.5
178	14.5754
179	18
180	0.664214
181	-2.92893
182	-9.32107
183	13.3431
184	22.7966
185	3.32843
186	3.20711
187	3.24264
188	-23.8137
189	10.3505
190	-28.7088
191	7.65685
192	21.3284
193	-16.4645
194	26.5
195	-2.34924
196	0.735281
197	-17.1716
198	-4.26653
199	3.10051
200	24.8388
201	2.65685
202	65.7279
203	-6.84315
204	8.02944
205	6.42157
206	-33.8137
207	-14.7279
208	-5.65685
209	-10.2721
210	1.17157
211	1.24264
212	-31.3211
213	-7.17157
214	-16.9216
215	-9.16117
216	5.58579
217	68.0919
218	8.74264
219	-2.42157
220	13.5607
221	-7.25
222	18.6378
223	-12.2574
224	-22.2574
225	-4.58579
226	6.91421
227	13.3284
228	-6
229	-9.17157
230	7.02389
231	2.51472
232	2.51472
233	-24.8284
234	10.4645
235	-7.38478
236	9.10355
237	6.61612
238	-3.25
239	-2.34315
240	8.90685
241	0.642136
242	-27.8891
243	-15.8284
244	5.00736
245	-17.5858
246	2.50736
247	-15
248	-6.17157
249	-7.51472
250	-20.4497
251	-14.7574
252	-4.81371
253	14.4926
254	9.8696
255	-27
256	4.5
257	-14
258	2.5
259	-17.5
260	26.75
261	-27
262	-19.7812
263	1
264	0
265	5
266	-32
267	-10.5
268	-20
269	-15.75
270	37.5
271	15
272	-22
273	43
274	-13.75
275	19
276	16.75
277	-15
278	16.25
279	4
280	29.25
281	29
282	11.5
283	-4.75
284	-7.5
285	27.75
286	9.46619
287	-10.4289
288	10.7426
289	-17.0711
290	2.91421
291	5.32843
292	14.6863
293	-1.17157
294	-10.2898
295	25.8284
296	-5.82843
297	22.1421
298	-14.364
299	-9.41421
300	-1.4467
301	-23.9593
302	-5.40685
303	-25.6569
304	22.0784
305	19.5
306	33.4246
307	-17
308	3.83579
309	3.92893
310	13.8211
311	-9.34315
312	-18.1716
313	-12.8284
314	7.79289
315	-1.24264
316	9.81371
317	32.1495
318	-29.9735
319	3.65685
320	2.01472
321	-28.2635
322	0.156854
323	-14.5919
324	7.76472
325	-49.1716
326	-2.60968
327	-9.10051
328	-11.182
329	9.68629
330	0.272078
331	-10.1569
332	-8.65685
333	-30.3921
334	25.5
335	37.4142
336	2.34315
337	-10.0711
338	-15.1716
339	6.27208
340	-3.17893
341	-2.14214
342	19.0784
343	-24.253
344	29.5858
345	12.0503
346	11.0858
347	2.26472
348	-10.4393
349	-10.9069
350	42.6378
351	-10.9926
352	1.25736
353	-15.4142
354	-12.9142
355	36.1716
356	48
357	-6.82843
358	-29.4614
359	20.9853
360	12.9853
361	22.8284
362	16.5355
363	15.3848
364	13.7714
365	-0.616117
366	0.5
367	-24.9069
368	9.34315
369	11.3579
370	11.8891
371	-27.1716
372	11.4926
373	0.585786
374	3.99264
375	-1
376	-14.4534
377	-2.98528
378	19.4497
379	-7.24264
380	-5.18629
381	-11.9926
382	-21.052
383	15.6569
384	13.6716
385	-13.3137
386	6.84315
387	-16.9853
388	-42.2206
389	-16.8284
390	-19.9234
391	1.70711
392	16.3848
393	-2.65685
394	-3.71573
395	13.3787
396	14.9706
397	0.921573
398	15.0147
399	43.598
400	-21.3137
401	28.9411
402	-16.7353
403	-37.435
404	0.75
405	-11.4853
406	30.8774
407	23.1421
408	-48.5048
409	2.97056
410	-2.01472
411	2.56371
412	-70.0685
413	-16.0784
414	-12.9186
415	2.17893
416	-9.74264
417	25.0711
418	-27.9142
419	-15.8284
420	51.3137
421	-10.8284
422	-6.14768
423	-0.828427
424	-0.671573
425	-46.1421
426	-3.63604
427	7.41421
428	26.5717
429	-32.0407
430	-5.84315
431	-3.84315
432	6.17157
433	12.5
434	20.5754
435	-28
436	-21.3358
437	19.0711
438	-21.8211
439	-4.65685
440	-6.45343
441	4.82843
442	15.2071
443	21.2426
444	-21.8137
445	-21.6495
446	-24.7088
447	-5.65685
448	18.6716
449	-1.53553
450	14.5
451	12.8492
452	-7.23528
453	13.1716
454	4.70403
455	16.3995
456	3.16117
457	-8.65685
458	4.27208
459	-10.1569
460	37.9706
461	14.0784
462	27.8137
463	-18.2721
464	-0.343146
465	-7.72792
466	18.8284
467	-18.2426
468	-3.17893
469	-3.82843
470	0.421573
471	-19.8388
472	30.4142
473	-18.0919
474	7.25736
475	-14.0784
476	-12.5607
477	-9.25
478	0.294614
479	16.7426
480	-15.2574
481	0.414214
482	0.914214
483	10.8284
484	-18
485	51.8284
486	-14.9761
487	-31.4853
488	-22.4853
489	-4.82843
490	20.4645
491	-17.3848
492	15.3536
493	14.6161
494	-24.5
495	13.6569
496	23.4069
497	2.64214
498	-33.8891
499	5.17157
